0,502
0,501
0,500
48,2
49,2
0,499
0,498
0,497
0,496
0,495
0,494
0,493
0,492
0,491
0,490
0,472
50,52
50,51
50,50
50,49
50,48
50,47
50,46
50,45
50,44
50,43
50,42
50,41
50,40
50,39
50,38
50,37
50,36
50,35
49,1
49,3
39,3
48,1
48,3
36,1
36,3
37,1
37,3
47,1
47,3
10,190
10,272
10,274
10,214
10,104
10,250
10,204
11,9
11,8
11,24
8,17
43,4
43,3
43,2
43,1
43,0
41,4
41,3
41,2
41,1
41,0
39,1
39,4
20,3
20,2
20,1
19,3
19,2
19,1
18,3
18,1
14,3
14,1
13,3
13,1
12,3
12,2
12,1
11,28
11,27
11,19
11,16
11,14
11,5
11,3
11,2
11,1
10,248
10,218
10,178
10,160
10,158
10,150
10,76
10,24
10,3
10,2
10,1
